1.7452
3.4899
5.2336
6.9756
8.7156
10.4528
12.1869
13.9173
15.6434
17.3648
19.0809
20.7912
22.4951
24.1922
25.8819
27.5637
29.2372
30.9017
32.5568
34.2020
35.8368
37.4607
39.0731
40.6737
42.2618
43.8371
45.3990
46.9472
48.4810
50.0000
51.5038
52.9919
54.4639
55.9193
57.3576
58.7785
60.1815
61.5661
62.9320
64.2788
65.6059
66.9131
68.1998
69.4658
70.7107
71.9340
73.1354
74.3145
75.4710
76.6044
77.7146
78.8011
79.8636
80.9017
81.9152
82.9038
83.8671
84.8048
85.7167
86.6025
87.4620
88.2948
89.1007
89.8794
90.6308
91.3545
92.0505
92.7184
93.3580
93.9693
94.5519
95.1057
95.6305
96.1262
96.5926
97.0296
97.4370
97.8148
98.1627
98.4808
98.7688
99.0268
99.2546
99.4522
99.6195
99.7564
99.8630
99.9391
99.9848
100.0000
99.9848
99.9391
99.8630
99.7564
99.6195
99.4522
99.2546
99.0268
98.7688
98.4808
98.1627
97.8148
97.4370
97.0296
96.5926
96.1262
95.6305
95.1057
94.5519
93.9693
93.3580
92.7184
92.0505
91.3545
90.6308
89.8794
89.1007
88.2948
87.4620
86.6025
85.7167
84.8048
83.8671
82.9038
81.9152
80.9017
79.8636
78.8011
77.7146
76.6044
75.4710
74.3145
73.1354
71.9340
70.7107
69.4658
68.1998
66.9131
65.6059
64.2788
62.9320
61.5661
60.1815
58.7785
57.3576
55.9193
54.4639
52.9919
51.5038
50.0000
48.4810
46.9472
45.3990
43.8371
42.2618
40.6737
39.0731
37.4607
35.8368
34.2020
32.5568
30.9017
29.2372
27.5637
25.8819
24.1922
22.4951
20.7912
19.0809
17.3648
15.6434
13.9173
12.1869
10.4528
8.7156
6.9756
5.2336
3.4899
1.7452
0.0000
-1.7452
-3.4899
-5.2336
-6.9756
-8.7156
-10.4528
-12.1869
-13.9173
-15.6434
-17.3648
-19.0809
-20.7912
-22.4951
-24.1922
-25.8819
-27.5637
-29.2372
-30.9017
-32.5568
-34.2020
-35.8368
-37.4607
-39.0731
-40.6737
-42.2618
-43.8371
-45.3990
-46.9472
-48.4810
-50.0000
-51.5038
-52.9919
-54.4639
-55.9193
-57.3576
-58.7785
-60.1815
-61.5661
-62.9320
-64.2788
-65.6059
-66.9131
-68.1998
-69.4658
-70.7107
-71.9340
-73.1354
-74.3145
-75.4710
-76.6044
-77.7146
-78.8011
-79.8636
-80.9017
-81.9152
-82.9038
-83.8671
-84.8048
-85.7167
-86.6025
-87.4620
-88.2948
-89.1007
-89.8794
-90.6308
-91.3545
-92.0505
-92.7184
-93.3580
-93.9693
-94.5519
-95.1057
-95.6305
-96.1262
-96.5926
-97.0296
-97.4370
-97.8148
-98.1627
-98.4808
-98.7688
-99.0268
-99.2546
-99.4522
-99.6195
-99.7564
-99.8630
-99.9391
-99.9848
-100.0000
-99.9848
-99.9391
-99.8630
-99.7564
-99.6195
-99.4522
-99.2546
-99.0268
-98.7688
-98.4808
-98.1627
-97.8148
-97.4370
-97.0296
-96.5926
-96.1262
-95.6305
-95.1057
-94.5519
-93.9693
-93.3580
-92.7184
-92.0505
-91.3545
-90.6308
-89.8794
-89.1007
-88.2948
-87.4620
-86.6025
-85.7167
-84.8048
-83.8671
-82.9038
-81.9152
-80.9017
-79.8636
-78.8011
-77.7146
-76.6044
-75.4710
-74.3145
-73.1354
-71.9340
-70.7107
-69.4658
-68.1998
-66.9131
-65.6059
-64.2788
-62.9320
-61.5661
-60.1815
-58.7785
-57.3576
-55.9193
-54.4639
-52.9919
-51.5038
-50.0000
-48.4810
-46.9472
-45.3990
-43.8371
-42.2618
-40.6737
-39.0731
-37.4607
-35.8368
-34.2020
-32.5568
-30.9017
-29.2372
-27.5637
-25.8819
-24.1922
-22.4951
-20.7912
-19.0809
-17.3648
-15.6434
-13.9173
-12.1869
-10.4528
-8.7156
-6.9756
-5.2336
-3.4899
-1.7452
